2.0000000e+000 3.4224646e+000 2.3510681e+000 6.2738387e-001 2.0670300e+000 4.3655747e+000 3.8390069e+000 1.0944483e+000 4.3827356e+000 3.8249290e+000 4.3815860e+000
2.0000000e+000 2.3002134e+000 3.4871638e+000 4.5758672e+000 2.7283419e+000 1.5190661e+000 3.7250047e+000 2.0814243e+000 3.8070250e+000 3.5439165e+000 2.8436179e+000
2.0000000e+000 4.7579974e+000 2.2074552e+000 1.7153304e+000 3.7612116e+000 2.8513353e+000 2.7003518e+000 9.7502917e-001 3.4370184e+000 2.4719134e+000 3.1257094e+000
2.0000000e+000 2.1025200e+000 2.5460918e+000 2.1597658e+000 3.0272420e+000 3.8250374e+000 3.2248688e+000 3.7544981e+000 1.8079376e+000 2.6749772e+000 1.4451741e+000
2.0000000e+000 4.7918375e+000 3.0426043e+000 4.3640524e+000 2.5360158e+000 4.8122959e+000 4.6280751e+000 3.3870803e+000 1.2977870e+000 3.6266156e+000 3.1199512e+000
2.0000000e+000 5.6243916e-001 3.4466771e+000 2.6763621e+000 2.1501724e+000 2.9343969e+000 1.7549173e+000 2.6047177e+000 2.8795446e+000 2.7140314e+000 2.6143382e+000
1.0000000e+000 2.9982714e+000 3.6123425e+000 3.8192725e+000 1.8983457e+000 3.1988882e+000 3.2406633e+000 2.9271296e+000 3.8264784e+000 3.6237439e+000 2.8082615e+000
2.0000000e+000 4.4760463e+000 4.0650989e+000 1.9216236e+000 3.3993268e+000 1.2627719e+000 3.7044867e+000 3.8119863e+000 3.2361248e+000 1.6645564e+000 9.3701664e-001
1.0000000e+000 3.1769938e+000 3.1688495e+000 3.0297632e+000 3.8566679e+000 2.5952068e+000 3.8358855e+000 3.2830266e+000 3.4233590e+000 2.2305691e+000 1.6968877e+000
2.0000000e+000 4.6139257e+000 8.4283079e-001 3.1125604e+000 3.1321795e+000 2.7699797e+000 2.9790510e+000 4.5803905e+000 2.9005023e+000 1.6201414e+000 3.8270138e+000
2.0000000e+000 8.7418873e-001 5.1296307e+000 2.4746699e+000 2.7945431e+000 4.7361280e+000 2.7151040e+000 2.7517762e+000 1.6665434e+000 2.9125280e+000 4.8052637e+000
2.0000000e+000 4.4731460e+000 3.9896612e+000 3.6300569e+000 2.2970648e+000 2.2623504e+000 2.7005180e+000 2.3709855e+000 2.8178396e+000 1.4244243e+000 2.0250513e+000
2.0000000e+000 1.4184220e+000 2.3992454e+000 3.0190069e+000 1.1126093e+000 3.4344137e+000 3.4005800e+000 3.9864008e+000 2.0700533e+000 4.2525413e+000 1.6830382e+000
2.0000000e+000 4.5677470e+000 3.2096905e+000 3.1118620e+000 3.7591913e+000 3.9795709e+000 4.0247154e+000 2.5431337e+000 6.0409707e+000 2.9089254e+000 2.8748619e+000
2.0000000e+000 2.9235237e+000 2.7293551e+000 2.2879931e+000 2.1463639e+000 4.3563701e+000 3.4254991e+000 2.8400044e+000 3.0194302e+000 2.8100994e+000 3.5504483e+000
2.0000000e+000 3.4731664e+000 3.8150228e+000 2.9049276e+000 4.2963118e+000 2.6721843e+000 2.3365019e+000 3.2680804e+000 3.4351661e+000 1.4986666e+000 4.0304110e+000
1.0000000e+000 2.9354351e+000 1.7490602e+000 3.2891010e+000 4.9480036e+000 4.4280124e+000 2.3560087e+000 2.8515387e+000 3.2509871e+000 2.3925351e+000 3.6590304e+000
2.0000000e+000 3.7565725e+000 2.7735223e+000 1.7802936e+000 1.8820502e+000 2.5664361e+000 2.9714608e+000 2.4704032e+000 4.0145898e+000 2.8465911e+000 2.6561607e+000
2.0000000e+000 4.1924745e+000 2.4428936e+000 2.3266211e+000 3.7762924e+000 3.6637988e+000 4.1194775e+000 2.5381050e+000 3.5961910e+000 3.9545654e+000 4.4461775e+000
2.0000000e+000 2.3359537e+000 4.0127096e+000 1.1272957e+000 1.1456051e+000 1.0919355e+000 3.6511965e+000 2.9644583e+000 3.8278674e+000 4.2813597e+000 2.9857154e+000
2.0000000e+000 1.7340557e+000 4.0440431e+000 2.8165133e+000 2.1482897e+000 8.9853781e-001 1.8198531e+000 2.2703405e+000 2.1829729e+000 2.8850039e+000 2.8445337e+000
2.0000000e+000 6.6174221e-001 5.1162345e+000 3.7388545e+000 4.0094598e+000 2.4338990e+000 2.3072332e+000 4.2697715e+000 2.8739981e+000 3.7380998e+000 4.8052283e+000
2.0000000e+000 1.6379124e+000 1.8183018e+000 3.2070956e+000 4.5362462e+000 2.2621386e+000 2.9977890e+000 5.8308680e+000 1.7838062e+000 2.3920811e+000 3.9254029e+000
2.0000000e+000 4.2793682e+000 3.1497377e+000 1.6528468e+000 1.7215143e+000 3.7236690e+000 2.7522660e+000 2.4215175e+000 2.3347347e+000 3.6860860e+000 2.5063938e+000
2.0000000e+000 1.9245223e+000 4.9059588e+000 4.6099480e+000 3.5851610e+000 4.8354030e+000 5.4268634e-001 2.8902544e+000 4.8276492e+000 3.9938704e+000 1.4980542e+000
2.0000000e+000 2.6328588e+000 2.7290624e+000 1.8711791e+000 3.7089186e+000 2.7759818e+000 3.1204733e+000 4.4772620e+000 4.4338594e+000 2.4491858e+000 2.3290069e+000
2.0000000e+000 3.6897161e+000 2.7418956e+000 4.4008104e+000 1.9493940e+000 3.4984712e+000 2.9582767e+000 2.2775735e+000 1.4959227e+000 2.1461838e+000 3.8073584e+000
2.0000000e+000 4.2643431e+000 2.6299884e+000 4.6182516e+000 2.4774158e+000 2.5580944e+000 3.5103695e+000 4.9611729e+000 1.7044737e+000 3.9879452e+000 2.4549698e+000
2.0000000e+000 2.5081729e+000 3.3131621e+000 2.5712890e+000 3.1668962e+000 4.0513998e+000 4.6783912e+000 2.5149582e+000 3.6364821e+000 1.3312677e+000 2.9048367e+000
1.0000000e+000 2.6522546e+000 2.1752662e+000 3.0880229e+000 2.3372164e+000 2.5424397e+000 2.8274371e+000 1.5457475e+000 3.8278238e+000 2.7736211e+000 2.8936708e+000
2.0000000e+000 1.9958089e+000 3.2013242e+000 3.8242336e+000 2.3146442e+000 2.7114237e+000 2.9143364e+000 4.4069635e+000 3.4776761e+000 4.3629446e+000 2.1302014e+000
2.0000000e+000 2.4967671e+000 2.8576621e+000 2.6919932e+000 2.9537476e+000 5.0026841e+000 2.0429285e+000 4.3418727e+000 4.6777298e+000 9.9034910e-001 3.2542305e+000
2.0000000e+000 2.5008873e+000 6.4290939e-001 4.8073709e+000 7.7341802e-001 1.4272068e+000 4.1812314e+000 1.4272650e+000 1.7510760e+000 2.6148430e+000 3.1998163e+000
1.0000000e+000 3.3617878e+000 3.4803256e+000 3.2017780e+000 3.3724522e+000 5.3645124e+000 4.0068621e+000 3.0524447e+000 1.9380265e+000 1.4850729e+000 2.0973409e+000
2.0000000e+000 4.0380653e+000 2.9927753e+000 2.8796947e+000 1.5013555e+000 2.7516176e+000 5.0437314e+000 2.9600693e+000 2.6694093e+000 4.3466212e+000 2.3181260e+000
2.0000000e+000 2.7840169e+000 2.7196869e+000 2.4796661e+000 1.3660877e+000 3.8006502e+000 3.5428116e+000 4.4747565e+000 3.1610100e+000 2.5806847e+000 2.2241783e+000
2.0000000e+000 4.0821058e+000 2.1934752e+000 3.6901654e+000 2.1370718e+000 3.5033427e+000 3.3871378e+000 2.8452579e+000 3.5976673e+000 2.6361674e+000 3.2578183e+000
2.0000000e+000 3.4106058e+000 2.7901249e+000 2.5366095e+000 1.7734869e+000 2.7418770e+000 4.0116685e+000 2.3649015e+000 4.4481903e+000 4.1808972e+000 5.1135017e+000
2.0000000e+000 3.0022126e+000 2.6199971e+000 4.7005607e+000 2.9846453e+000 2.4435511e+000 2.4524891e+000 3.5308468e+000 1.9116912e+000 2.5311671e+000 2.1384293e+000
2.0000000e+000 3.6889689e+000 2.9312658e+000 2.8538748e+000 3.0505870e+000 4.1310293e+000 2.2110127e+000 3.6041834e+000 2.9244200e+000 2.6845629e+000 2.3129163e+000
2.0000000e+000 1.8935353e+000 4.7647463e+000 2.3880296e+000 4.2215457e+000 1.9350491e+000 3.3204150e+000 2.6805754e+000 3.2321072e+000 3.0667930e+000 1.2427904e+000
2.0000000e+000 4.0308833e+000 2.7549535e+000 3.4081794e+000 3.0145985e+000 3.0767350e+000 2.3752799e+000 2.9265593e+000 2.9319283e+000 2.6984363e+000 1.1182535e+000
1.0000000e+000 2.6398930e+000 2.5689327e+000 3.6024413e+000 1.6098261e+000 1.8010670e+000 2.7963644e+000 3.4572028e+000 1.9914180e+000 3.5030178e+000 2.8859576e+000
2.0000000e+000 2.6547625e+000 2.7776187e+000 2.5718451e+000 2.7296217e+000 2.9651793e+000 4.1612046e+000 2.6336047e+000 3.1318466e+000 2.2551707e+000 2.9623681e+000
2.0000000e+000 1.8020491e+000 3.1626647e+000 5.6494337e+000 4.2734318e+000 1.7221534e+000 3.9190777e+000 1.4914148e+000 2.3808113e+000 1.1611895e+000 3.0705930e+000
2.0000000e+000 2.1204415e+000 2.7117585e+000 2.1483138e+000 2.1917669e+000 3.1276181e+000 1.8086518e+000 3.4666700e+000 1.2235202e+000 4.1956186e+000 2.6399273e+000
1.0000000e+000 3.0932934e+000 3.9398559e+000 3.6005383e+000 4.4000403e+000 4.5758428e+000 3.8887538e+000 1.9818934e+000 4.1264344e+000 4.1443336e+000 3.3857777e+000
2.0000000e+000 2.6655921e+000 3.0804327e+000 2.5917735e+000 2.6516824e+000 4.9600371e+000 3.6378645e+000 3.4699423e+000 4.1130974e+000 2.2610490e+000 4.2280545e+000
2.0000000e+000 4.2549460e+000 2.3031992e+000 3.2311228e+000 3.4562476e+000 3.0678964e+000 4.8616699e+000 3.7745309e+000 3.4933707e+000 3.7289290e+000 3.9039241e+000
2.0000000e+000 3.4365213e+000 2.3267355e+000 2.8068683e+000 3.6485082e+000 2.8483660e+000 8.0230591e-001 3.0165221e+000 2.7518297e+000 3.9524139e+000 3.3943764e+000
1.0000000e+000 2.3181797e+000 4.0971447e+000 3.2013330e+000 3.2995913e+000 2.9760479e+000 2.1714512e-001 4.2597560e+000 3.7445712e+000 4.2017872e+000 3.9590588e+000
2.0000000e+000 2.2925216e+000 5.2674460e+000 2.1587971e+000 3.3682713e+000 3.5823856e+000 4.0947103e+000 1.2885513e+000 2.9883471e+000 3.4469569e+000 3.9613505e+000
2.0000000e+000 2.8013260e+000 3.6150571e+000 2.8947995e+000 2.8781096e+000 3.5664173e+000 2.8377685e+000 4.4059995e+000 3.0773399e+000 3.1138916e+000 1.8129539e+000
2.0000000e+000 2.1749743e+000 3.1450168e+000 5.0180450e+000 4.1993819e-001 2.3740874e+000 1.6222472e+000 4.0177178e+000 4.1823126e+000 2.4042754e+000 2.5422458e+000
2.0000000e+000 2.6204749e+000 3.8145694e+000 2.5384729e+000 3.2762705e+000 3.2579894e+000 3.9487283e+000 4.0911585e+000 2.1119093e+000 4.1721061e+000 3.4145180e+000
1.0000000e+000 2.9678287e+000 1.4191384e+000 3.7017899e+000 3.8347103e+000 2.9001608e+000 2.6263353e+000 2.1487737e+000 2.5408979e+000 2.0560901e+000 4.3987786e+000
2.0000000e+000 4.7704201e+000 1.5662599e+000 2.7972160e+000 1.0459305e+000 2.0038851e+000 2.2381990e+000 2.2623583e+000 3.2336373e+000 2.8467335e+000 2.4958756e+000
2.0000000e+000 2.2994409e+000 3.8297970e+000 2.5399587e+000 2.8549299e+000 2.3323278e+000 3.4936136e+000 2.9748940e+000 3.0484997e+000 4.2027742e-001 4.5588411e+000
2.0000000e+000 4.4132327e+000 2.9649517e+000 3.4045404e+000 1.2734474e+000 3.0303618e+000 1.4404990e+000 3.3930484e+000 2.7685585e+000 1.8855729e+000 2.0692970e+000
2.0000000e+000 2.6721008e+000 2.7903602e+000 4.2301497e+000 5.5849343e+000 1.2791873e+000 3.7152141e+000 2.9632978e+000 4.0418951e+000 3.9323936e+000 4.1258900e+000
2.0000000e+000 3.0357528e+000 3.8525205e+000 2.6523216e+000 3.2671447e+000 4.6781317e+000 2.9237163e+000 2.0776710e+000 3.0878466e+000 3.0769804e+000 5.7130302e+000
2.0000000e+000 4.2539812e+000 3.2192121e+000 2.1041325e+000 1.8947937e+000 3.0547913e+000 4.4389276e+000 3.8598053e+000 2.9904084e+000 2.9531016e+000 1.8878302e+000
2.0000000e+000 3.3477025e+000 3.6320601e+000 2.7633386e+000 1.0471842e+000 3.7049313e+000 2.2525702e+000 3.7735309e+000 3.1529458e+000 3.5258475e+000 1.2613006e+000
2.0000000e+000 3.5680016e+000 2.9998229e+000 3.9018272e+000 3.1773986e+000 3.3648721e+000 3.5019246e+000 3.4353818e+000 4.6349763e+000 2.9151897e+000 2.5549862e+000
1.0000000e+000 3.4729265e+000 3.5415027e+000 3.4059515e+000 4.4931391e+000 2.7646362e+000 4.4499377e+000 2.1286813e+000 2.4223943e+000 2.8468612e+000 4.3393063e+000
2.0000000e+000 4.2862896e+000 7.2124872e-001 4.2292154e+000 3.4145691e+000 3.7626202e+000 3.3479205e+000 2.2246526e+000 1.3540576e+000 1.2768813e+000 2.6061796e+000
2.0000000e+000 2.9010165e+000 3.5432526e+000 4.8380968e+000 3.6937569e+000 3.7311178e-001 2.8621470e+000 4.7043235e+000 3.7140600e-001 2.3144873e+000 2.7943430e+000
2.0000000e+000 3.9512924e+000 2.1499425e+000 4.0212107e+000 3.2324742e+000 3.2931668e+000 2.9048223e+000 3.1486498e+000 3.2461079e+000 2.0149339e+000 3.1651580e+000
1.0000000e+000 2.8557663e+000 3.8576416e+000 3.5257056e+000 3.1549480e+000 2.2865149e+000 2.7211956e+000 2.0922124e+000 3.6991337e+000 3.0924437e+000 2.8946172e+000
2.0000000e+000 1.5144243e+000 3.0471595e+000 4.4839298e+000 3.8062501e+000 4.0707847e+000 3.3175788e+000 3.1822867e+000 2.7883825e+000 3.2354537e+000 1.6852342e+000
2.0000000e+000 2.5609103e+000 3.4830961e+000 4.2861656e+000 3.0318217e+000 2.6333408e+000 3.4535945e+000 3.7547125e+000 4.1756736e+000 3.9252340e+000 2.2584797e+000
2.0000000e+000 2.1954237e+000 2.4787492e+000 2.9883622e+000 1.9881175e+000 2.4382751e+000 1.7253689e+000 2.6663911e+000 2.9263999e+000 2.3769248e+000 2.1020157e+000
2.0000000e+000 2.5497980e+000 3.4061361e+000 1.9072903e+000 2.9580712e+000 1.6188767e+000 2.4280153e+000 3.1102371e+000 3.0649069e+000 4.0942022e+000 2.4527992e+000
2.0000000e+000 2.6200146e+000 2.6487393e+000 2.4875263e+000 5.0465853e+000 3.3748551e+000 3.4895175e+000 3.8542681e+000 2.5338674e+000 3.4427920e+000 1.3788848e+000
2.0000000e+000 4.0333922e+000 2.1533109e+000 9.0664745e-001 4.6708137e+000 5.6601720e+000 5.9340627e+000 2.3414590e+000 3.6178131e+000 3.2287786e+000 4.1411471e+000
2.0000000e+000 3.5208915e+000 3.2460812e+000 2.6658592e+000 3.0669167e+000 2.4518636e+000 3.7581807e+000 2.1970188e+000 3.9810028e+000 3.7904251e+000 2.3605332e+000
2.0000000e+000 2.5082253e+000 3.8643932e+000 1.7301033e+000 2.8940822e+000 1.7898724e+000 4.3861623e+000 3.0668285e+000 3.2026712e+000 1.7481928e+000 2.5473735e+000
2.0000000e+000 4.2385560e+000 2.4261904e+000 4.8793172e+000 2.0625529e+000 1.7539145e+000 3.2321091e+000 2.8295098e+000 2.0494918e+000 3.1528070e+000 2.0668890e+000
2.0000000e+000 1.8978530e+000 3.6581087e+000 1.7068925e+000 2.2661109e+000 1.8864052e+000 3.0950110e+000 3.0776639e+000 4.0861987e+000 2.6999891e+000 4.0091348e+000
2.0000000e+000 2.5711426e+000 2.0996062e+000 1.6247029e+000 2.9514048e+000 5.0851401e+000 1.4583931e+000 3.7311967e+000 3.7342443e+000 3.3832247e+000 7.7657067e-001
2.0000000e+000 2.6320337e+000 4.9842793e+000 2.0417049e+000 2.9840857e+000 3.3376757e+000 3.2076387e+000 2.5507195e+000 3.9132004e+000 4.6109512e+000 3.5467470e+000
2.0000000e+000 3.4648559e+000 4.2577928e+000 4.3407062e+000 1.7958401e+000 3.3018536e+000 2.2889635e+000 1.5488693e+000 2.4232853e+000 3.9342212e+000 1.1720021e+000
2.0000000e+000 2.0230221e+000 3.0066247e+000 3.3026011e+000 4.3813880e+000 2.7165993e+000 1.4030753e+000 5.3340540e+000 3.3868106e+000 1.8883008e+000 2.5732744e+000
2.0000000e+000 3.6997318e+000 2.1134991e+000 2.8419775e+000 3.2576051e+000 2.4689311e+000 3.1501439e+000 2.6610594e+000 4.2602587e+000 3.6671445e+000 2.9225954e+000
2.0000000e+000 3.4785165e+000 3.9524702e+000 9.5231300e-001 5.2977349e+000 4.2096108e+000 1.8654701e+000 3.5713698e+000 4.2484105e+000 3.9558926e+000 2.8596798e+000
2.0000000e+000 2.5249268e+000 4.5212297e+000 2.9135899e+000 4.2442052e+000 3.7353544e+000 1.3957085e+000 3.0063370e+000 5.9751099e+000 3.9219764e+000 3.6776112e+000
2.0000000e+000 2.8812155e+000 4.3503145e+000 2.5491073e+000 2.9409566e+000 1.9408924e+000 4.5995742e+000 2.2907680e+000 4.3710603e+000 3.8527394e+000 1.4065648e+000
2.0000000e+000 2.9589404e+000 4.7998184e+000 5.1832933e+000 3.5931397e+000 3.1243126e+000 2.0359686e+000 3.4897229e+000 2.6154057e+000 1.7955948e+000 3.1884083e+000
2.0000000e+000 3.7700771e+000 3.4039227e+000 2.4923332e+000 2.1297887e+000 2.7914792e+000 3.6541303e+000 1.6223512e+000 1.5511356e+000 3.0288327e+000 2.4097170e+000
2.0000000e+000 1.6641335e+000 2.6080379e+000 2.2505402e+000 2.4684778e+000 2.5493622e+000 1.8335418e+000 2.1823679e+000 2.5074675e+000 3.1184596e+000 4.2207566e+000
2.0000000e+000 2.0176826e+000 3.0541966e+000 2.0273804e+000 2.7836849e+000 4.2976256e+000 3.3526300e+000 4.3980160e+000 2.5275404e+000 3.4363269e+000 3.9885355e+000
2.0000000e+000 1.9191452e+000 2.4372287e+000 1.8239466e+000 3.2826144e+000 2.8604736e+000 2.6660856e+000 5.0174825e+000 2.8408845e+000 4.8948153e+000 2.3246977e+000
2.0000000e+000 9.4922720e-001 4.6290537e+000 1.7472795e+000 4.5179987e+000 2.5292517e+000 2.6127131e+000 4.3252464e+000 3.6818876e+000 2.0957406e+000 2.4828395e+000
2.0000000e+000 3.4202913e+000 4.6610640e+000 1.2443090e+000 4.0771232e+000 3.2828284e+000 2.0733423e+000 1.6638540e+000 3.4891356e+000 1.5297257e+000 3.2451583e+000
1.0000000e+000 2.4289493e+000 2.8431493e+000 3.4915872e+000 2.5132189e+000 3.5148349e+000 3.7693677e+000 1.7772644e+000 1.2733113e+000 1.4811024e+000 1.1208787e+000
2.0000000e+000 3.9899827e+000 1.9240114e+000 1.9857611e+000 3.1266116e+000 3.0720974e+000 3.8492237e+000 2.3733673e+000 2.4404568e+000 3.7942207e+000 3.0613034e+000
2.0000000e+000 3.1703353e+000 3.6803564e+000 4.2915554e+000 2.3759218e+000 1.2312865e+000 2.3871560e+000 3.9916482e+000 3.0939033e+000 3.3288562e+000 8.6026503e-001
2.0000000e+000 9.3128277e-001 3.7931613e+000 2.2453726e+000 4.7718909e+000 2.1135228e+000 1.0871389e+000 2.1394869e+000 3.9981473e+000 3.2644635e+000 3.8224781e+000
2.0000000e+000 2.5465604e+000 1.6587351e+000 8.5922197e-001 3.5269447e+000 3.8887194e+000 3.2763399e+000 4.8943013e+000 2.3656166e+000 2.4982839e+000 2.6700191e+000
2.0000000e+000 3.6631247e+000 3.8821948e+000 2.2068432e+000 2.6603327e+000 4.4384226e+000 3.1152047e+000 3.3295084e+000 3.6909648e+000 3.2709745e+000 3.6066839e+000
